-2.272521640073065 
-2.318540920405027 
-2.308757470505307 
-2.311302799738498 
-2.294516693552209 
-2.289840277402487 
-2.323838978109090 
-2.294130129729926 
-2.314061645032461 
-2.330152265098210 
-2.332599557563440 
-2.299849234678162 
-2.286347615342359 
-2.313161672394535 
-2.300702771701639 
-2.301342093771627 
-2.317603961752869 
-2.319086265362006 
-2.294506009353959 
-2.287039261671976 
-2.271457480757913 
-2.295199560319951 
-2.291575572656282 
-2.321397202511363 
-2.309530682966288 
-2.317158120599655 
-2.275912299789279 
-2.290760499077092 
-2.300272558526720 
-2.291750632425434 
-2.292906200048949 
-2.292526084996309 
-2.312811997743531 
-2.316435741667448 
-2.279025764171154 
-2.289668557202844 
-2.324834092102967 
-2.309028578257346 
-2.300712877987689 
-2.314981344408959 
-2.282866474159041 
-2.264133822986612 
-2.275391468341891 
-2.261012800086702 
-2.280475783857334 
-2.305634592163060 
-2.289186301734749 
-2.285105403599747 
-2.346259460871641 
-2.304558284232538 
-2.274364541795675 
-2.324854731584967 
-2.286760785417902 
-2.294243391647870 
-2.274637044299700 
-2.301158699956965 
-2.279536397245525 
-2.332916430546597 
-2.282873651079711 
-2.307309367022983 
-2.338796851100965 
-2.270256286954046 
-2.282426460949484 
-2.287341025092314 
-2.279627501807928 
-2.282515401415966 
-2.291412330414799 
-2.320340246480159 
-2.312639991439907 
-2.305277116684534 
-2.336045568385285 
-2.290973485245395 
-2.339940437671270 
-2.292677693060457 
-2.332155111442612 
-2.296957187222570 
-2.261855692697512 
-2.315947116678953 
-2.301182980646795 
-2.291021777414100 
-2.312359850126017 
-2.334120787673414 
-2.301066634989342 
-2.300167477640726 
-2.298773719935780 
-2.256758410222165 
-2.316487237380110 
-2.328194378980980 
-2.314121979919918 
-2.311242583794985 
-2.317527324897496 
-2.314353810834583 
-2.282706438863538 
-2.305352186518595 
-2.285598350896378 
-2.281345412054782 
-2.298568138132523 
-2.279667916963385 
-2.298130771916796 
-2.299791691794461 
-2.292058205219118 
-2.290908382778122 
-2.316709730300888 
-2.291031761375307 
-2.308912158240882 
-2.282766830796797 
-2.283274461474970 
-2.346179362969999 
-2.280994939871502 
-2.296441439436770 
-2.266618123169160 
-2.285314102679115 
-2.284042335135670 
-2.282192710253016 
-2.300533888579882 
-2.305437040285158 
-2.293238810882700 
-2.312253921263408 
-2.300267517118351 
-2.304424959108950 
-2.310230312287487 
-2.314770741364152 
-2.312235855830995 
-2.305383255189513 
-2.296012755123833 
-2.287253323986627 
-2.291328493994201 
-2.284487973776731 
-2.288000877380470 
-2.296583027239201 
-2.307411497480126 
-2.305529771812291 
-2.319275203987135 
-2.327998982534996 
-2.285110088142936 
-2.279746188196592 
-2.283568337100217 
-2.268843798573178 
-2.331081808733392 
-2.249838256552429 
-2.283858337533752 
-2.273553327119656 
-2.281326295951290 
-2.324423733806637 
-2.320720665424654 
-2.269408622389552 
-2.288853364904528 
-2.302469542832015 
-2.274408941222544 
-2.277611532881280 
-2.345303982858303 
-2.301741993499683 
-2.271946667090399 
-2.341901373750295 
-2.322611986461812 
-2.301391506806354 
-2.328914041494245 
-2.310321113281860 
-2.274477427522572 
-2.318157285901647 
-2.274621352132510 
-2.296150548177534 
-2.285584812651545 
-2.304447042237537 
-2.278466850449502 
-2.315195913215311 
-2.303514743988238 
-2.276680277624818 
-2.313314262642441 
-2.334691177109435 
-2.276237148137598 
-2.293883102662652 
-2.312143802595105 
-2.351230135922273 
-2.292341384044364 
-2.314278560537528 
-2.293331295909538 
-2.289075488633277 
-2.310019184118631 
-2.293820596166152 
